       YEAR           QC             QG             QI             QX
    1959.000       8.676106       1.843000       5.245000       2.154009
    1960.000       8.868243       1.910600       5.813300       2.261459
    1961.000       9.090652       1.984500       5.159700       2.567718
    1962.000       9.586494       2.065500       5.991400       2.510545
    1963.000       10.26151       2.129800       6.417800       2.924554
    1964.000       10.77485       2.323800       7.283300       2.916958
    1965.000       11.09133       2.557100       7.381500       2.959338
    1966.000       11.65877       2.693700       8.038800       3.283789
    1967.000       12.23736       2.940400       8.369600       3.441516
    1968.000       12.88873       3.034500       9.397400       3.666013
    1969.000       13.67613       3.264000       9.489000       4.267836
    1970.000       14.20677       3.433700       9.791500       4.680746
    1971.000       14.71920       3.580900       9.723700       5.031285
    1972.000       15.40645       3.695000       9.671800       5.132538
    1973.000       16.37367       3.788200       11.08390       4.822281
    1974.000       17.17222       4.124900       10.02350       5.294064
    1975.000       17.30200       4.464300       10.07940       5.500868
    1976.000       18.22372       4.492800       10.86070       5.893888
    1977.000       18.58443       4.626700       10.57830       6.026726
    1978.000       18.86004       4.779800       12.35710       6.454230
    1979.000       19.19691       4.887700       12.49160       6.910420
    1980.000       19.81864       5.109800       13.87190       6.574974
    1981.000       20.92479       5.186600       15.18040       6.730203
    1982.000       21.42907       5.318500       12.71000       6.765187
    1983.000       21.65374       5.566400       14.33460       7.281449
    1984.000       21.84642       5.956500       15.92160       8.405632
    1985.000       22.97568       6.215200       16.46820       8.723685
    1986.000       23.43990       6.425800       15.99680       9.598183
    1987.000       24.18452       6.667600       17.68900       10.40941
    1988.000       25.30517       6.863700       20.05860       10.51726
    1989.000       26.39537       7.045600       20.52650       11.00843
    1990.000       26.65059       7.271100       17.50600       12.24756
    1991.000       27.27259       7.456500       16.68010       13.40563
    1992.000       27.78221       7.646100       18.26920       14.39907
    1993.000       28.37919       7.729200       19.47820       15.76524
    1994.000       29.63489       7.989800       22.10530       16.46102
    1995.000       30.64379       8.324600       22.51680       18.10057
    1996.000       31.55445       8.490600       24.18810       20.07066
    1997.000       33.11611       8.834900       26.16320       20.98964
    1998.000       35.01420       9.235100       27.62350       21.39176
    1999.000       36.50499       9.519400       29.32740       23.50778
    2000.000       37.66597       9.680200       26.90810       25.53925
    2001.000       38.83276       9.978000       29.26520       25.39921
    2002.000       40.39832       10.27330       32.64160       25.52575
    2003.000       42.43398       10.72820       36.23080       25.85490
    2004.000       44.36261       11.07580       38.44530       26.74939
    2005.000       45.80282       11.42270       40.53410       27.54402
    2006.000       48.29518       11.78270       42.95890       28.68490
    2007.000       50.66935       12.13910       47.18760       29.83477
    2008.000       50.95828       12.64540       46.84210       30.55234
    2009.000       52.61610       12.86460       47.63580       31.98758
    2010.000       54.71294       13.30230       50.66110       32.26275
    2011.000       56.33967       13.78810       56.17730       33.74777
    2012.000       57.33643       13.82840       57.28810       35.53755
    2013.000       58.73460       14.04120       55.91450       37.65307
    2014.000       60.11291       14.38200       54.56390       40.22539
    2015.000       61.76784       14.99600       52.70010       42.97872
    2016.000       63.22545       15.74630       52.67970       45.34413
    2017.000       65.03282       16.36240       55.09080       46.87903
    2018.000       66.39845       17.20950       55.08270       48.48339
       QM             PC             PG             PI             PX
   -2.510701       1.000000       1.000000       1.000000       1.000000
   -2.824969       1.000000      0.9994670      0.9618413      0.9233634
   -2.422095       1.000000       1.017026      0.9289291      0.9137265
   -2.841873       1.000000       1.019106      0.9273227      0.9317814
   -3.161093       1.000000       1.045988      0.9370524      0.9987845
   -3.764437       1.000000       1.061148      0.9551441      0.9382512
   -3.868009       1.000000       1.053008      0.9291310      0.9171505
   -3.933252       1.000000       1.078993      0.9318173      0.8909734
   -4.322023       1.000000       1.088686      0.9275408      0.8393134
   -4.471244       1.000000       1.095601      0.9116450      0.8290385
   -4.843974       1.000000       1.109043      0.9552168      0.8342274
   -4.992441       1.000000       1.146843      0.9284516      0.7647130
   -4.594196       1.000000       1.176488      0.9148421      0.7439389
   -4.652334       1.000000       1.211805      0.8996348      0.8437423
   -6.063688       1.000000       1.265310      0.9149830      0.9018772
   -6.219799       1.000000       1.347643      0.8853337      0.8879304
   -5.914682       1.000000       1.353576      0.8862312      0.8210717
   -6.477760       1.000000       1.351176      0.8633849      0.8148993
   -6.174258       1.000000       1.334100      0.8447562      0.7759454
   -6.672414       1.000000       1.313810      0.8151835      0.7934056
   -6.679090       1.000000       1.324587      0.8155041      0.8894867
   -7.310748       1.000000       1.351913      0.8018363      0.8736957
   -8.156441       1.000000       1.394252      0.8011541      0.8154282
   -7.467936       1.000000       1.395057      0.7918720      0.7959259
   -7.915168       1.000000       1.384715      0.7817606      0.7816199
   -9.232425       1.000000       1.392566      0.7728928      0.7942905
   -9.210570       1.000000       1.378305      0.7814613      0.7740932
   -8.775180       1.000000       1.340560      0.7790137      0.7324030
   -9.759974       1.000000       1.306504      0.7641663      0.7395725
   -12.18853       1.000000       1.295532      0.7562256      0.7353408
   -12.87316       1.000000       1.287297      0.7434038      0.7230611
   -12.13750       1.000000       1.271363      0.7041853      0.6655381
   -12.56212       1.000000       1.273188      0.6691246      0.6202108
   -13.39048       1.000000       1.271041      0.6644493      0.6264555
   -14.39508       1.000000       1.269444      0.6667100      0.6099159
   -16.74752       1.000000       1.262851      0.6596094      0.6092551
   -17.53249       1.000000       1.259738      0.6446111      0.6110896
   -19.26705       1.000000       1.254845      0.6228297      0.5775997
   -21.24126       1.000000       1.253054      0.6171459      0.5867158
   -22.32737       1.000000       1.282799      0.6243724      0.5641740
   -25.01722       1.000000       1.284706      0.6167675      0.5684241
   -24.77347       1.000000       1.324609      0.6291816      0.6274996
   -25.10766       1.000000       1.326771      0.6315379      0.6171895
   -28.42120       1.000000       1.337073      0.6222129      0.5839648
   -32.25777       1.000000       1.346307      0.6191421      0.5492735
   -36.28986       1.000000       1.371472      0.6200355      0.5905773
   -39.24166       1.000000       1.388287      0.6178293      0.6551976
   -43.38765       1.000000       1.398768      0.6098832      0.6692515
   -49.65396       1.000000       1.414355      0.6048655      0.6728623
   -47.95342       1.000000       1.432279      0.6021551      0.7751979
   -51.37689       1.000000       1.453107      0.5854299      0.6431704
   -56.65173       1.000000       1.484857      0.5802550      0.7368263
   -63.08804       1.000000       1.485817      0.5624915      0.7249693
   -63.26106       1.000000       1.470870      0.5551588      0.6402060
   -61.78510       1.000000       1.460602      0.5543132      0.6475107
   -62.38070       1.000000       1.445463      0.5538428      0.5717980
   -62.30695       1.000000       1.447002      0.5612477      0.5207067
   -65.23721       1.000000       1.443058      0.5579159      0.5708235
   -69.56440       1.000000       1.448364      0.5581675      0.5846131
   -70.32138       1.000000       1.433924      0.5620045      0.6473789
       PK             DVK            D              IK
    1.000000       3.220215      0.5793000E-01 -0.7630000E-02
    1.000000       3.149093      0.5775000E-01 -0.3190000E-02
    1.001830       2.976319      0.5701000E-01  0.2810000E-02
   0.9798900       2.727494      0.5795000E-01  0.9400000E-02
   0.9894300       2.235295      0.5874000E-01  0.2200000E-01
    1.016230       2.131299      0.6006000E-01  0.2810000E-01
    1.067920       2.149181      0.5899000E-01  0.3022000E-01
    1.077290       2.481211      0.5907000E-01  0.2749000E-01
    1.113110       2.290427      0.5941000E-01  0.3332000E-01
    1.151190       1.508071      0.5896000E-01  0.4465000E-01
    1.172240       1.453726      0.6076000E-01  0.4862000E-01
    1.282430      0.9313444      0.5889000E-01  0.5367000E-01
    1.323390      0.3794207      0.5897000E-01  0.5933000E-01
    1.393910      -2.497233      0.5754000E-01  0.8092000E-01
    1.462290      -6.655059      0.5756000E-01  0.1094400
    1.664760      -11.90722      0.5393000E-01  0.1288800
    1.905620      -13.42155      0.5335000E-01  0.1242800
    2.185250      -10.85640      0.5296000E-01  0.1020300
    2.388510      -6.352534      0.5325000E-01  0.7993000E-01
    2.564030      -4.272074      0.5440000E-01  0.7187000E-01
    2.676440      -5.393964      0.5484000E-01  0.7461000E-01
    2.918920      -9.540160      0.5531000E-01  0.8437000E-01
    3.149670      -11.39237      0.5538000E-01  0.8589000E-01
    3.456160      -9.169787      0.5471000E-01  0.7686000E-01
    3.770660      -4.875404      0.5596000E-01  0.6826000E-01
    3.969830      -3.976066      0.5642000E-01  0.6650000E-01
    4.141860      -5.371309      0.5695000E-01  0.6871000E-01
    4.511180      -6.081847      0.5810000E-01  0.6999000E-01
    4.896670      -1.205333      0.5956000E-01  0.6480000E-01
    5.131940       11.31804      0.6014000E-01  0.5133000E-01
    5.436420       29.03565      0.6015000E-01  0.3475000E-01
    5.706240       49.65985      0.6023000E-01  0.1850000E-01
    5.746160       65.18279      0.6137000E-01  0.7390000E-02
    5.670530       70.71686      0.6286000E-01  0.4390000E-02
    5.739010       72.78433      0.6405000E-01  0.6050000E-02
    5.814400       80.05241      0.6485000E-01  0.3260000E-02
    5.827570       89.95462      0.6521000E-01 -0.1900000E-02
    5.822980       92.15252      0.6588000E-01 -0.6800000E-03
    5.720170       90.59705      0.6782000E-01  0.3810000E-02
    5.774830       84.05025      0.6797000E-01  0.1190000E-01
    5.885060       78.09205      0.6874000E-01  0.2027000E-01
    5.930900       79.73415      0.6939000E-01  0.2244000E-01
    6.152340       86.59573      0.6977000E-01  0.2188000E-01
    6.312620       97.80038      0.7033000E-01  0.1901000E-01
    6.383890       106.3930      0.7076000E-01  0.1757000E-01
    6.457520       108.2786      0.7129000E-01  0.2047000E-01
    6.611860       109.0897      0.7179000E-01  0.2449000E-01
    6.785870       114.3236      0.7252000E-01  0.2669000E-01
    6.973850       128.5244      0.7243000E-01  0.2440000E-01
    7.151710       154.0508      0.7178000E-01  0.1790000E-01
    7.370070       184.9914      0.7210000E-01  0.1161000E-01
    7.334600       208.2002      0.7164000E-01  0.5630000E-02
    7.412130       216.3613      0.7154000E-01  0.6790000E-02
    7.404920       210.2668      0.7104000E-01  0.1166000E-01
    7.480870       203.3819      0.7085000E-01  0.1719000E-01
    7.646270       206.6897      0.7110000E-01  0.2017000E-01
    7.817640       226.0910      0.7071000E-01  0.1782000E-01
    8.017970       239.8802      0.7028000E-01  0.1698000E-01
    8.055680       248.5164      0.7010000E-01  0.1647000E-01
    8.159940       253.3244      0.6884000E-01  0.1632000E-01
       QKS            VKS            QZ             PZ
    6.699413       6.699413       12.18720       1.000000
    7.021839       7.010575       12.70836       1.000074
    7.403846       7.157746       12.92711       1.016358
    7.680766       7.785494       13.65660       1.051021
    8.047302       8.879405       14.35521       1.147253
    8.444035       9.250461       15.10608       1.167192
    8.923555       9.527153       15.64626       1.156359
    9.397142       10.97426       16.30670       1.196958
    9.931069       11.78885       16.86339       1.220989
    10.47487       13.35984       17.30187       1.328588
    11.13038       15.02946       17.92972       1.388816
    11.73959       15.45737       18.66132       1.402727
    12.37479       16.87742       19.29362       1.426330
    12.96229       19.10871       19.83290       1.551180
    13.52667       21.62258       20.53911       1.684894
    14.24971       21.86600       21.11733       1.732081
    14.83920       26.62753       21.42485       1.742957
    15.41308       32.14103       21.83267       1.689866
    16.06812       34.90473       22.36549       1.566965
    16.64563       43.12385       22.72591       1.569719
    17.41414       49.01381       23.55857       1.575112
    18.15149       53.39802       24.33675       1.605847
    19.02686       61.86773       24.93272       1.649172
    20.02973       65.42112       25.07330       1.578959
    20.65578       77.62817       25.28364       1.600065
    21.44190       84.39720       26.31290       1.585961
    22.38906       96.19111       27.37801       1.584322
    23.34493       109.9365       28.32189       1.561659
    24.15567       128.1231       29.22166       1.564641
    25.11341       145.9625       30.38347       1.524566
    26.32045       155.9953       31.82899       1.426479
    27.51792       157.1030       31.66936       1.315322
    28.23200       167.8216       31.51515       1.268473
    28.75903       178.0966       31.63640       1.292855
    29.42618       185.1277       32.80632       1.285903
    30.18033       196.2148       34.09790       1.283049
    31.21794       207.3490       34.81629       1.294669
    32.23249       215.3974       35.19322       1.336833
    33.38571       233.9079       36.00720       1.380540
    34.66586       244.5423       36.64883       1.451469
    36.05183       266.3816       37.98641       1.495848
    37.54665       272.7452       38.88031       1.513761
    38.58660       296.3391       39.10097       1.569328
    39.85914       314.9350       40.21700       1.559648
    41.47785       344.6669       41.14039       1.612234
    43.45103       370.2680       42.69464       1.647608
    45.56190       407.7590       44.10184       1.693092
    47.78244       449.8029       45.69274       1.727215
    50.13721       486.8674       47.32266       1.742506
    52.89862       546.0360       48.53521       1.738821
    55.44732       556.2552       49.31967       1.680917
    57.90316       608.6265       50.97201       1.729905
    60.61831       645.3306       52.47266       1.737408
    63.89202       651.5607       53.64380       1.711128
    67.11436       680.1042       54.73292       1.723355
    69.93405       683.8289       56.09612       1.674834
    72.35384       687.7408       57.47155       1.628469
    74.37711       765.7947       58.60658       1.680582
    76.28651       805.3500       60.26805       1.690642
    78.40180       864.7078       61.81864       1.725602
       PROD           YG             ZG             PRODG
    1.000000      0.0000000E+00  0.0000000E+00  0.0000000E+00
   0.9963892       1.038793       1.042763      0.9961926
   0.9944845       1.017793       1.017213       1.000570
   0.9974277       1.056334       1.056431      0.9999082
    1.018285       1.073452       1.051155       1.021212
    1.019188       1.048732       1.052307      0.9966032
    1.012559       1.032036       1.035759      0.9964057
    1.046392       1.080450       1.042211       1.036691
    1.054827       1.042129       1.034139       1.007727
    1.106894       1.081842       1.026002       1.054426
    1.124737       1.047953       1.036288       1.011257
    1.131125       1.052959       1.040804       1.011679
    1.143236       1.044883       1.033883       1.010639
    1.144646       1.033546       1.027951       1.005442
    1.142869       1.033831       1.035608      0.9982847
    1.136662       1.032753       1.028153       1.004475
    1.164367       1.037101       1.014562       1.022215
    1.199746       1.047150       1.019035       1.027590
    1.197000       1.021497       1.024405      0.9971614
    1.245739       1.051968       1.016115       1.035285
    1.235792       1.027398       1.036639      0.9910857
    1.235119       1.031154       1.033032      0.9981820
    1.260379       1.043905       1.024489       1.018952
    1.235915      0.9891022       1.005638      0.9835569
    1.287432       1.045006       1.008389       1.036312
    1.290729       1.041883       1.040708       1.001129
    1.307220       1.051859       1.040479       1.010937
    1.307451       1.031142       1.034476      0.9967777
    1.327759       1.042995       1.031769       1.010880
    1.312544       1.025861       1.039759      0.9866337
    1.292841       1.030925       1.047576      0.9841052
    1.286105      0.9890811      0.9949847      0.9940667
    1.306806       1.009814      0.9951309       1.014755
    1.349326       1.037638       1.003847       1.033662
    1.347606       1.031196       1.036980      0.9944219
    1.353505       1.042016       1.039370       1.002546
    1.376838       1.041230       1.021069       1.019746
    1.412313       1.040345       1.010826       1.029202
    1.438757       1.039909       1.023129       1.016401
    1.477252       1.049591       1.017820       1.031215
    1.480510       1.036778       1.036497       1.000271
    1.470562       1.013765       1.023532      0.9904570
    1.517928       1.041524       1.005675       1.035647
    1.518940       1.027638       1.028542      0.9991210
    1.540443       1.038375       1.022960       1.015069
    1.524378       1.023809       1.037779      0.9865384
    1.512616       1.022463       1.032960      0.9898382
    1.511991       1.033512       1.036073      0.9975278
    1.510237       1.034567       1.035671      0.9989337
    1.500728       1.020050       1.025623      0.9945658
    1.499060       1.013927       1.016163      0.9977996
    1.484153       1.022723       1.033503      0.9895697
    1.492964       1.036961       1.029441       1.007305
    1.492509       1.023397       1.022319       1.001054
    1.496481       1.024022       1.020303       1.003645
    1.489969       1.018993       1.024906      0.9942303
    1.493348       1.028470       1.024519       1.003856
    1.497306       1.024301       1.019749       1.004464
    1.496881       1.028587       1.028350       1.000231
    1.498630       1.031096       1.025728       1.005234
