       YEAR           QC             QG             QI             QX
    1959.000       8.676106       1.843000       5.245000       2.154009
    1960.000       8.868243       1.910600       5.813300       2.261459
    1961.000       9.090652       1.984500       5.159700       2.567718
    1962.000       9.586494       2.065500       5.991400       2.510545
    1963.000       10.26151       2.129800       6.417800       2.924554
    1964.000       10.77485       2.323800       7.283300       2.916958
    1965.000       11.09133       2.557100       7.381500       2.959338
    1966.000       11.65877       2.693700       8.038800       3.283789
    1967.000       12.23736       2.940400       8.369600       3.441516
    1968.000       12.88873       3.034500       9.397400       3.666013
    1969.000       13.67613       3.264000       9.489000       4.267836
    1970.000       14.20677       3.433700       9.791500       4.680746
    1971.000       14.71920       3.580900       9.723700       5.031285
    1972.000       15.40645       3.695000       9.671800       5.132538
    1973.000       16.37367       3.788200       11.08390       4.822281
    1974.000       17.17222       4.124900       10.02350       5.294064
    1975.000       17.30200       4.464300       10.07940       5.500868
    1976.000       18.22372       4.492800       10.86070       5.893888
    1977.000       18.58443       4.626700       10.57830       6.026726
    1978.000       18.86004       4.779800       12.35710       6.454230
    1979.000       19.19691       4.887700       12.49160       6.910420
    1980.000       19.81864       5.109800       13.87190       6.574974
    1981.000       20.92479       5.186600       15.18040       6.730203
    1982.000       21.42907       5.318500       12.71000       6.765187
    1983.000       21.65374       5.566400       14.33460       7.281449
    1984.000       21.84642       5.956500       15.92160       8.405632
    1985.000       22.97568       6.215200       16.46820       8.723685
    1986.000       23.43990       6.425800       15.99680       9.598183
    1987.000       24.18452       6.667600       17.68900       10.40941
    1988.000       25.30517       6.863700       20.05860       10.51726
    1989.000       26.39537       7.045600       20.52650       11.00843
    1990.000       26.65059       7.271100       17.50600       12.24756
    1991.000       27.27259       7.456500       16.68010       13.40563
    1992.000       27.78221       7.646100       18.26920       14.39907
    1993.000       28.37919       7.729200       19.47820       15.76524
    1994.000       29.63489       7.989800       22.10530       16.46102
    1995.000       30.64379       8.324600       22.51680       18.10057
    1996.000       31.55445       8.490600       24.18810       20.07066
    1997.000       33.11611       8.834900       26.16320       20.98964
    1998.000       35.01420       9.235100       27.62350       21.39176
    1999.000       36.50499       9.519400       29.32740       23.50778
    2000.000       37.66597       9.680200       26.90810       25.53925
    2001.000       38.83276       9.978000       29.26520       25.39921
    2002.000       40.39832       10.27330       32.64160       25.52575
    2003.000       42.43398       10.72820       36.23080       25.85490
    2004.000       44.36261       11.07580       38.44530       26.74939
    2005.000       45.80282       11.42270       40.53410       27.54402
    2006.000       48.29518       11.78270       42.95890       28.68490
    2007.000       50.66935       12.13910       47.18760       29.83477
    2008.000       50.95828       12.64540       46.84210       30.55234
    2009.000       52.61610       12.86460       47.63580       31.98758
    2010.000       54.71294       13.30230       50.66110       32.26275
    2011.000       56.33967       13.78810       56.17730       33.74777
    2012.000       57.33643       13.82840       57.28810       35.53755
    2013.000       58.73460       14.04120       55.91450       37.65307
    2014.000       60.11291       14.38200       54.56390       40.22539
    2015.000       61.76784       14.99600       52.70010       42.97872
    2016.000       63.22545       15.74630       52.67970       45.34413
    2017.000       65.03282       16.36240       55.09080       46.87903
    2018.000       66.39845       17.20950       55.08270       48.48339
       QM             PC             PG             PI             PX
   -2.510701       1.000000       1.000000       1.000000       1.000000
   -2.824969       1.000000      0.9994670      0.9618413      0.9233634
   -2.422095       1.000000       1.017026      0.9289291      0.9137265
   -2.841873       1.000000       1.019106      0.9273227      0.9317814
   -3.161093       1.000000       1.045988      0.9370524      0.9987845
   -3.764437       1.000000       1.061148      0.9551441      0.9382512
   -3.868009       1.000000       1.053008      0.9291310      0.9171505
   -3.933252       1.000000       1.078993      0.9318173      0.8909734
   -4.322023       1.000000       1.088686      0.9275408      0.8393134
   -4.471244       1.000000       1.095601      0.9116450      0.8290385
   -4.843974       1.000000       1.109043      0.9552168      0.8342274
   -4.992441       1.000000       1.146843      0.9284516      0.7647130
   -4.594196       1.000000       1.176488      0.9148421      0.7439389
   -4.652334       1.000000       1.211805      0.8996348      0.8437423
   -6.063688       1.000000       1.265310      0.9149830      0.9018772
   -6.219799       1.000000       1.347643      0.8853337      0.8879304
   -5.914682       1.000000       1.353576      0.8862312      0.8210717
   -6.477760       1.000000       1.351176      0.8633849      0.8148993
   -6.174258       1.000000       1.334100      0.8447562      0.7759454
   -6.672414       1.000000       1.313810      0.8151835      0.7934056
   -6.679090       1.000000       1.324587      0.8155041      0.8894867
   -7.310748       1.000000       1.351913      0.8018363      0.8736957
   -8.156441       1.000000       1.394252      0.8011541      0.8154282
   -7.467936       1.000000       1.395057      0.7918720      0.7959259
   -7.915168       1.000000       1.384715      0.7817606      0.7816199
   -9.232425       1.000000       1.392566      0.7728928      0.7942905
   -9.210570       1.000000       1.378305      0.7814613      0.7740932
   -8.775180       1.000000       1.340560      0.7790137      0.7324030
   -9.759974       1.000000       1.306504      0.7641663      0.7395725
   -12.18853       1.000000       1.295532      0.7562256      0.7353408
   -12.87316       1.000000       1.287297      0.7434038      0.7230611
   -12.13750       1.000000       1.271363      0.7041853      0.6655381
   -12.56212       1.000000       1.273188      0.6691246      0.6202108
   -13.39048       1.000000       1.271041      0.6644493      0.6264555
   -14.39508       1.000000       1.269444      0.6667100      0.6099159
   -16.74752       1.000000       1.262851      0.6596094      0.6092551
   -17.53249       1.000000       1.259738      0.6446111      0.6110896
   -19.26705       1.000000       1.254845      0.6228297      0.5775997
   -21.24126       1.000000       1.253054      0.6171459      0.5867158
   -22.32737       1.000000       1.282799      0.6243724      0.5641740
   -25.01722       1.000000       1.284706      0.6167675      0.5684241
   -24.77347       1.000000       1.324609      0.6291816      0.6274996
   -25.10766       1.000000       1.326771      0.6315379      0.6171895
   -28.42120       1.000000       1.337073      0.6222129      0.5839648
   -32.25777       1.000000       1.346307      0.6191421      0.5492735
   -36.28986       1.000000       1.371472      0.6200355      0.5905773
   -39.24166       1.000000       1.388287      0.6178293      0.6551976
   -43.38765       1.000000       1.398768      0.6098832      0.6692515
   -49.65396       1.000000       1.414355      0.6048655      0.6728623
   -47.95342       1.000000       1.432279      0.6021551      0.7751979
   -51.37689       1.000000       1.453107      0.5854299      0.6431704
   -56.65173       1.000000       1.484857      0.5802550      0.7368263
   -63.08804       1.000000       1.485817      0.5624915      0.7249693
   -63.26106       1.000000       1.470870      0.5551588      0.6402060
   -61.78510       1.000000       1.460602      0.5543132      0.6475107
   -62.38070       1.000000       1.445463      0.5538428      0.5717980
   -62.30695       1.000000       1.447002      0.5612477      0.5207067
   -65.23721       1.000000       1.443058      0.5579159      0.5708235
   -69.56440       1.000000       1.448364      0.5581675      0.5846131
   -70.32138       1.000000       1.433924      0.5620045      0.6473789
